1260
1862
492
1270
229
1643
1898
1725
1580
2338
736
671
107
2159
1344
617
1505
26
1901
1481
125
2354
1136
1588
897
510
925
2349
1173
1825
404
1695
228
1138
2023
164
363
2061
1502
197
1494
1300
1042
2142
1007
50
2229
829
1224
2097
547
1827
1830
1918
1241
91
844
2310
981
1130
1252
1722
1771
309
525
2330
2126
1724
2206
541
1347
651
779
1031
1824
834
144
380
717
1611
1025
570
751
1583
535
1928
665
1879
737
604
1323
621
32
239
1783
1036
1914
767
1913
1729
1207
858
1381
2131
1559
5
2226
1623
1925
1129
2051
1848
2223
1356
240
1578
1853
1301
1558
1439
1276
680
1229
983
800
2121
2298
463
221
392
2250
2279
1091
605
29
2118
610
1526
481
565
1759
693
154
866
724
2172
1374
1342
782
2059
1403
1480
409
880
873
709
1676
1585
1081
126
596
2352
2139
2128
327
1867
140
1432
1351
1166
1703
304
2211
1495
1713
1847
1032
911
1050
1067
1026
150
936
559
161
213
132
1625
2028
1242
64
1273
1543
1808
1924
640
1337
1250
557
969
1071
2137
402
886
623
1597
634
427
1837
1621
1214
615
1476
1626
1440
377
1061
215
279
1629
350
987
1421
30
1831
1462
848
726
2074
571
1363
522
1415
1162
1352
501
1654
188
1966
785
1870
2248
745
374
1906
1996
560
1068
307
1669
990
715
329
881
712
17
2216
2163
1373
1262
2002
763
662
1520
1793
2353
2336
1956
1131
1635
1247
2144
27
1762
2293
856
1360
1955
1367
2036
1719
1228
1605
1074
1387
1684
2054
1483
1331
2138
336
1409
143
2194
236
422
2313
1964
2103
2181
1334
289
1649
359
862
1940
1984
1691
420
1416
2005
850
1519
508
1697
653
1154
765
1137
433
118
1406
1817
1236
88
539
843
1909
1990
312
820
365
1314
1459
2150
514
314
1038
1765
1014
841
1564
710
607
1785
2117
781
2164
1884
28
996
975
639
2123
1549
203
156
957
1552
586
1093
1478
543
194
1034
632
2174
1313
1192
1997
248
104
778
71
341
1001
1501
630
524
65
429
1266
719
1321
1255
52
1843
637
1944
544
702
455
1529
921
1891
1245
2183
896
51
1213
1799
1188
479
1818
734
1542
926
2238
2066
2038
1278
254
1969
1204
1538
2105
1758
1507
2022
198
949
2190
2186
1259
1822
1288
417
2240
1240
1954
20
2015
1854
1305
1450
1384
699
2149
93
1851
2261
47
818
1560
2069
1579
1062
2081
199
1302
1358
2205
846
90
1756
1275
869
955
462
108
796
204
870
290
398
1639
1417
2262
2115
100
1233
1511
2259
740
226
1187
581
443
2270
619
406
408
127
507
894
861
1355
2125
748
1339
244
1518
1383
1859
2078
855
218
2166
1008
2200
1464
405
2227
937
1637
1775
998
1631
2049
1723
1429
1899
2031
2214
882
816
271
1794
1666
592
352
110
1492
1368
1291
944
1873
1442
256
1049
57
281
1017
165
1098
139
1606
287
1575
1932
830
614
1193
1674
2017
362
1451
1019
170
943
22
2302
227
1147
1693
1211
840
2055
1782
825
962
1030
1804
783
1687
121
1565
1670
725
14
1116
1121
2007
426
1269
1444
219
2269
1446
1304
1556
2322
2099
1389
1353
1897
367
1150
1994
138
368
2145
909
811
224
1840
1554
1977
178
1322
1089
195
952
1117
784
658
1445
441
2253
2315
965
997
2265
1905
1217
300
421
895
618
36
1916
1396
1803
10
401
325
1673
1058
2287
393
2110
2312
2341
1379
1609
1084
2308
1500
1769
790
674
1644
1655
31
1620
531
1365
1737
124
635
2087
794
277
685
419
1124
589
437
1350
2108
1692
18
39
2148
1656
2356
2112
2029
631
471
738
1663
1712
1995
1647
216
1244
1980
1988
1863
2230
638
1419
488
822
2257
1078
1332
1057
349
1499
2254
383
1261
128
1303
2093
1866
908
750
1523
1088
1936
601
1287
214
1309
1282
1407
1141
789
1146
1539
211
1732
1740
1809
1594
8
477
984
1504
1971
483
1285
992
340
867
857
2178
1694
1051
1537
1336
1814
1018
2006
448
1087
1267
335
591
1953
1572
399
1289
1126
1874
2091
1065
1887
445
1979
37
1927
1144
308
2151
2141
12
1086
1000
2130
1532
991
96
1836
1053
828
323
217
2064
1509
1418
1973
1743
1696
238
152
735
793
1779
324
2018
1521
810
385
1999
1152
677
1616
62
2249
868
713
1709
1110
2192
2170
360
1388
162
168
1333
836
72
562
2041
568
2246
1516
174
109
2328
924
189
564
1828
1838
1619
1861
2329
1661
2052
449
1024
1118
945
1296
1963
440
913
672
1148
3
587
588
934
1858
1183
2
504
1119
1900
970
1103
1690
775
1430
956
898
643
1290
1792
273
661
718
122
1540
542
490
413
1178
1216
563
1056
641
905
1326
1108
2345
849
1550
375
1327
686
889
305
594
207
403
1595
2065
673
1761
1433
2339
1072
260
356
727
545
384
561
2295
1896
1986
1571
1551
180
707
2040
823
2147
296
376
815
1096
839
1923
1182
1970
940
1009
723
1627
629
130
2272
1167
2258
1113
2004
1705
985
1249
1063
1601
1710
878
94
1957
2299
1453
1650
917
912
1841
2039
602
241
1685
609
989
1423
656
720
87
1902
318
263
2203
801
948
496
495
1490
1306
394
1092
659
1208
444
960
538
1437
2158
1189
644
1029
616
1284
754
1434
2048
373
1237
808
2086
809
1186
795
1201
1510
1016
163
1744
2273
1392
1055
774
400
1960
1700
1401
678
1513
473
326
1022
2228
1075
1496
835
2281
2319
2008
2026
1829
540
2107
2016
1934
220
2001
2274
1338
1645
1566
78
1766
532
2306
258
1624
1346
1734
933
786
243
666
2282
1750
1369
946
758
817
344
749
1455
652
136
1593
1911
1457
446
1210
1293
1069
1375
684
1835
206
1107
1488
1195
1412
731
827
1354
372
343
2076
1310
233
756
1436
272
1795
1987
1461
113
38
158
1035
1044
1123
2350
1341
391
1615
230
711
2220
1618
414
1393
1177
608
346
961
389
901
747
1506
2213
172
1600
1308
320
253
995
1316
234
1947
526
1435
2136
1569
1998
506
1586
1689
837
2079
45
342
266
1197
555
1989
590
2072
2335
1976
1286
1176
1335
115
626
1498
175
319
760
310
1926
425
2316
1780
1638
2231
706
1402
120
7
953
212
2224
927
799
1422
58
1525
1760
447
1880
2019
101
454
2058
2251
657
1665
1023
2030
484
1312
338
1787
2337
355
1686
16
1004
129
1959
261
1748
61
1366
1589
2263
1218
683
1428
1941
1120
2073
412
494
1642
1937
112
915
2357
690
99
1965
1662
381
1563
2215
1463
741
1865
1469
1786
1066
792
2010
438
1205
348
6
192
578
1135
500
1170
119
2292
1777
35
852
556
265
98
646
1012
1448
1161
1404
179
1222
1632
280
2334
826
2140
2067
1064
1185
692
1608
1628
1223
366
21
1704
274
1115
328
907
1948
1370
1788
1919
1425
1742
1591
851
1698
743
1491
252
1279
664
1458
2301
131
1910
2321
2173
1158
313
246
687
1877
2153
225
2277
1376
1143
69
1467
920
1660
2327
728
2116
1142
579
73
1230
1576
2063
695
1046
1524
461
1664
1140
2300
25
1378
752
1315
75
628
1805
1816
1040
89
1254
902
1945
1277
2085
973
938
1749
1950
294
1855
1033
1553
2325
2122
286
1872
1590
190
1810
1297
2347
875
1006
1020
2037
2201
1295
379
1648
620
222
1721
2278
521
1602
1133
1755
1716
378
859
1667
451
1010
1319
698
963
1184
1530
1978
167
529
2303
527
742
201
1083
1720
1701
2080
2133
1015
864
1582
4
354
1503
753
1573
1073
700
2075
2060
1895
210
928
1489
196
1882
2210
1672
788
675
2193
1610
755
2101
935
797
2187
95
1820
1212
1939
554
1234
2045
729
1013
1169
546
2047
1949
1773
489
1715
257
353
482
1688
1163
1052
770
2000
1993
382
1517
2212
1972
2266
1677
2132
364
1106
2291
105
333
1708
1021
947
1536
757
660
176
2239
1886
916
13
1400
1460
842
56
697
1714
1209
1102
2179
159
807
516
1054
1614
716
1893
2169
2309
1842
1681
2096
2068
2012
1770
595
773
994
1104
918
491
465
670
1823
642
2027
1391
1100
1915
550
267
1470
2025
1041
103
1815
1528
2129
1471
2197
1200
249
884
892
1112
761
1856
2280
1101
1156
1220
668
2102
1076
1070
1111
1105
142
1574
2288
573
845
593
1280
954
2285
2222
776
1675
2035
157
812
549
1298
2020
904
1889
1473
2044
1424
2088
371
74
627
193
53
1039
478
854
1371
805
1974
1789
814
2217
2304
860
2071
906
1711
804
1546
466
1077
317
528
1155
416
432
2033
1292
1324
553
1320
1931
2326
513
1531
1157
1885
133
2221
1151
208
1128
515
1239
584
704
1179
1497
2289
68
106
1806
551
1264
1832
339
768
1372
2177
2189
15
613
1892
436
2260
1798
2134
2296
1226
151
2056
67
134
1414
1114
1774
2333
968
1394
123
1486
469
1869
1903
431
2202
472
1958
2268
1935
2032
1791
612
1768
2155
900
1640
2317
1731
1325
813
980
1447
2077
1362
1097
2042
746
1570
1487
1849
1557
2050
293
1139
1801
597
345
2003
2162
512
2084
1983
2348
149
1443
1668
470
931
847
701
964
1397
1802
1846
269
1125
390
583
1094
520
611
1658
1592
1819
876
1408
19
1634
803
497
1679
576
1206
1587
979
186
1037
2167
2247
2119
1562
536
681
2232
1522
967
1751
1079
1340
877
1772
1145
647
351
1754
434
1857
2284
1844
2185
11
423
205
2283
2343
1821
297
1256
2323
1839
282
147
1059
1533
1011
245
2180
1535
1527
1657
1413
744
603
1812
2311
428
456
191
1764
572
235
1431
517
1398
1198
1577
863
332
1682
1263
301
59
832
893
1168
1561
0
1472
66
9
509
80
1482
2095
467
1599
2233
503
298
1395
2225
2184
2275
978
993
1961
1567
2156
83
1612
145
2021
337
798
2182
1653
2307
1348
2106
369
806
2089
1864
2057
153
1251
1641
1085
1604
40
370
972
452
787
311
2244
1221
1328
361
1727
1852
575
1752
2165
1317
1776
1659
498
1603
2062
1248
117
1633
303
1515
1680
160
1045
1175
1027
237
888
1199
802
1871
1613
2294
1382
1985
2207
519
1975
182
264
929
111
2219
2161
82
395
2127
315
1028
1477
1811
357
548
791
569
999
387
2046
2290
457
1813
739
141
974
439
460
1377
1449
518
358
1294
1171
696
1544
1876
2218
1646
1159
899
1003
1271
2124
442
1739
1385
1149
1426
2043
48
410
2198
930
499
883
585
1215
679
23
276
2188
1878
1942
2098
334
1850
232
255
769
202
1718
780
599
1420
2014
171
2255
1405
2092
292
1330
511
2237
1231
2346
1699
682
1929
633
2209
689
1678
537
1907
1596
1202
1890
2083
1800
114
2271
1951
33
1359
2171
1441
1190
694
1917
951
600
977
1622
534
1778
759
44
872
871
1683
450
1738
1265
1047
284
890
1127
1568
2342
388
1361
2208
1745
502
411
155
1283
622
1272
1943
1386
533
285
2286
2100
853
1090
764
721
580
1253
879
116
688
691
231
2034
971
819
1834
2011
2314
505
2191
1790
982
1636
1468
173
1702
1235
2318
1781
1465
1225
919
831
1364
874
714
1318
166
1826
493
316
1268
2332
1082
84
777
1706
1888
2331
1095
2344
1860
2120
1410
302
2305
250
1329
49
1060
1238
55
574
1466
976
1912
2175
1541
636
1002
76
330
1707
1160
1982
1153
582
1651
1048
1946
1598
2235
418
1257
1479
624
2070
1548
1005
1883
648
321
2320
480
1281
1894
2241
1922
942
1875
1512
295
1203
148
1456
2094
46
903
209
459
1730
1180
77
2196
34
1807
566
625
1485
60
2195
558
654
824
2024
1172
135
1099
41
1868
1380
2135
821
476
1717
708
2053
1243
184
81
1134
2297
1196
959
1080
1630
2355
1904
475
1767
703
649
1726
1757
247
958
1747
1191
1357
1508
1349
1920
1938
424
169
2160
766
2264
43
1921
2109
923
1967
1933
1968
1474
1733
42
185
24
86
1741
966
1992
275
1122
2104
1345
1452
1833
1164
730
2324
278
1930
453
181
1584
733
1399
1227
1132
2146
1174
1411
676
291
1427
223
458
183
487
1454
283
1534
530
1165
1991
1728
415
1797
932
1493
187
1753
914
669
705
1246
2351
2082
988
464
772
1274
322
950
922
435
1109
288
251
663
1784
200
910
2113
1545
2152
598
1735
1514
54
655
1763
97
523
1258
667
486
2199
2252
262
397
986
941
833
70
268
2009
732
1746
2267
102
1555
2168
2242
2245
771
430
259
762
1475
92
1908
1736
137
1981
485
650
1311
1617
2340
1607
1652
2276
1952
577
1962
1232
2157
1
299
1181
1343
2111
407
1307
2090
2013
865
79
645
1547
2204
891
2154
474
468
242
887
1299
552
177
1671
1581
1390
838
2143
1438
1484
1845
270
146
386
306
2243
396
567
722
1194
1219
347
63
2114
85
939
2236
885
606
1881
2234
2256
1796
331
2176
1043