38
4537
25
220
3681
139
4093
1424
818
2666
404
4480
2896
1154
2214
4105
1306
1761
3301
3849
3731
1628
672
4444
3374
1534
1440
4063
3082
3923
2877
2740
2147
2841
956
955
4327
4599
3687
2999
2089
1369
3888
2333
1610
191
1972
4331
685
4563
509
2852
53
3040
3815
1198
3766
1653
983
1279
731
4303
4647
4209
4051
1362
948
3534
279
4072
3909
2620
2891
1814
4545
2047
437
1987
64
3321
3394
347
634
1883
4038
63
3003
2610
2221
4169
2980
565
2052
768
79
1460
3116
1657
1240
2198
469
520
3990
532
2565
1981
2881
2305
4151
3737
58
2017
2516
2377
654
4150
3026
4587
4315
2626
3996
723
1759
429
474
225
2101
4049
3726
1209
1458
2880
3978
3694
2057
1299
4242
2212
1273
3605
530
1738
371
1266
495
454
1142
1225
3213
1061
2249
4071
2828
711
923
328
3192
1939
742
2334
3937
131
822
824
652
2010
4509
3546
914
3730
4561
2787
2523
2383
516
3089
2015
3008
2227
2936
3499
414
795
3493
1611
2790
1042
2330
2288
294
473
2534
1277
1193
3897
203
4471
4648
1564
3136
2656
2693
3749
4247
4446
1902
4620
1250
4192
4569
365
2755
1025
403
2886
2590
4127
2627
1953
3076
2945
3371
3238
3900
1084
224
1833
1678
1525
384
1616
561
4128
3527
3926
106
17
362
1264
3919
684
3848
275
838
882
4507
2140
490
1421
3417
1662
1455
1129
815
1003
410
1568
380
3449
2501
2650
1577
2283
4075
3339
3105
3802
550
4101
3516
873
850
138
2859
4346
3821
705
4421
4405
2456
2829
3495
2856
2865
2040
3267
1082
4243
3123
1893
1580
62
4020
1281
2497
3442
981
1109
3357
1807
2158
717
1300
2887
2154
3515
386
4312
2541
602
438
2535
4567
2479
3033
1217
3755
2291
2251
1453
4272
1931
466
2130
313
1226
2415
2680
3335
2623
487
1693
941
3012
3247
1497
2133
3939
1521
3943
2494
4564
3543
1076
3814
3187
1219
1752
4388
2203
34
4239
3211
2951
1912
1680
1748
1622
907
1090
3351
529
4104
3419
2986
91
1806
1462
376
1780
4533
2170
150
3175
917
860
4267
467
3949
75
2397
3204
4635
4350
3440
3899
2684
83
2063
2779
3734
2391
2754
1477
1594
4461
4412
102
3370
97
1729
2360
3986
3264
3191
1973
3445
1698
1848
31
916
1155
1330
1304
629
1582
3679
2905
1917
2882
3223
555
259
1439
4223
510
3048
2205
832
1717
3431
3143
2888
2229
3102
3580
3581
1233
1767
4460
2453
3333
2817
2703
377
3385
3629
2054
2513
330
2870
182
2798
3039
3774
1269
605
2966
3665
2974
2368
3055
4554
584
1415
2555
968
303
2768
3853
1308
2720
2792
4359
651
4497
2701
1713
4244
2343
359
329
3805
1705
611
3169
1333
1588
2068
4174
2603
3987
1353
4582
4596
2379
1824
3721
4165
4256
2730
3345
3800
4277
3415
3218
4572
809
2573
105
1
1075
2858
3090
3221
741
3373
1788
695
163
1210
1938
1797
3811
2071
858
3573
1059
2725
726
1563
2268
3983
3776
1656
55
1483
2558
962
1591
2579
3611
482
3886
4352
3917
1742
1005
2837
322
4109
3858
2414
1779
111
888
342
1200
2822
4062
4475
3414
2715
4449
1844
272
1351
3294
746
2432
793
3219
2222
20
117
2366
1648
4523
4178
1408
1185
3120
3398
2647
578
1345
3308
2897
3142
4173
3542
379
811
4466
4122
1018
1163
1247
2690
3231
2786
1829
991
1639
4408
369
3703
4345
1871
1637
4602
1352
4431
22
1887
2922
3270
448
700
4556
3395
316
3284
1016
2400
4364
3314
947
472
4655
2271
3668
2185
1238
315
3441
678
2552
812
178
1063
4096
1451
3259
3791
3854
4081
1118
3160
4619
1667
2884
745
301
1069
4651
1398
1303
4592
3034
3037
3255
4526
3434
904
4097
1778
498
1079
4227
2176
4332
2624
4092
1559
94
4231
4579
3965
169
922
1052
2074
3342
1600
3971
4309
4568
4641
1261
195
606
2093
4552
3931
970
2294
2350
1510
1512
4048
3464
1002
1990
235
1088
2317
2749
762
4250
1048
3531
4462
1590
4617
66
3710
3819
547
3194
1384
1583
3000
1294
4205
2250
3736
3467
2243
2714
50
2925
1869
540
1021
127
1825
1626
210
2543
1170
2602
2713
4532
541
528
724
2292
1804
2721
4565
189
2012
683
1542
996
3458
1997
4365
619
1684
447
903
2960
2009
1182
1585
2589
697
714
1579
1487
2604
646
311
766
1321
1994
3993
4551
2659
1214
2782
3149
4102
597
382
2065
2318
1835
281
1593
3266
3847
3281
3253
4428
2157
2907
4406
3711
2085
3789
2013
4245
934
3455
1432
1659
2265
451
2301
43
1254
2609
4196
4521
1141
1315
2518
2199
783
1509
3317
4042
2431
1329
3390
598
3392
2262
280
3727
2691
1799
3762
3014
1236
4411
752
4477
2029
2799
4473
1275
2114
1691
2315
1595
1431
1739
4611
855
874
84
1111
718
4113
713
4529
2444
3794
4586
1922
1730
733
4584
4129
3069
4263
3577
3945
3051
2188
1624
3454
504
4273
2195
846
2912
3131
3275
89
331
1515
4503
4082
3480
4287
3947
2115
4649
3744
3654
3688
2540
1245
1454
4125
332
505
3163
3596
1935
910
2435
1244
1672
4487
402
1426
926
3473
1413
4039
583
3551
1224
2862
3880
737
2446
4275
1745
2390
2417
1029
4330
1301
3718
1344
1555
2735
765
2791
4632
2973
2084
1506
4522
2098
1663
4321
1356
2967
3768
123
3666
2113
2159
4439
3906
4220
4083
4260
3165
109
2208
3663
735
1720
3278
1831
3541
2156
3746
3723
3228
3743
1685
2511
2464
4642
3438
2820
3660
609
4170
1554
4265
4374
748
3260
1974
3564
3263
4454
3698
1664
4510
2045
1734
3459
2402
2561
1339
2921
32
3560
4612
1959
4131
177
2187
3922
589
2560
3354
1864
120
2515
3346
971
3312
171
3550
1652
3625
77
3831
854
1785
769
2704
3714
4177
2001
3544
2448
1121
4543
2927
2124
2210
2766
2166
37
1122
2352
3448
2125
4496
3393
868
3913
3981
370
4074
779
727
2574
1747
2532
671
1354
417
2264
2578
3526
2162
1631
2839
129
3304
2348
1540
4183
1430
4502
1716
3036
3406
2416
2975
1576
2036
840
830
3087
2660
1463
227
4547
1117
802
4028
3809
1178
2645
3490
4318
3168
1634
3801
1733
978
2033
4616
2211
468
2308
890
3245
1818
3995
3873
4274
2403
1822
1032
729
1642
2895
1489
2488
1265
1153
791
1851
1007
1647
146
1502
3715
1047
3862
4301
3910
3368
4240
4116
1741
4291
3310
1350
2457
264
847
775
895
696
278
789
2900
4148
1857
4197
4375
844
1137
1530
1364
2461
2351
2686
901
3974
268
2987
4204
1660
877
2813
3959
2679
1557
4650
4539
293
326
3154
542
1687
1523
993
1448
4180
2241
1296
4441
2335
2394
3677
3203
2423
3250
319
3808
44
4201
1891
3384
1983
4233
2591
1726
3378
3633
3117
4238
3630
3491
1249
2932
3576
4213
943
3061
883
3563
1875
512
1539
581
1538
2144
3233
4416
3701
1008
3121
1476
2836
3872
4530
2075
3151
522
2705
136
3252
2337
3482
3878
2077
3954
3240
3256
4436
3153
2874
2502
2172
861
3887
2421
2780
3708
1104
4290
3433
3770
156
1081
3512
884
1397
3616
2742
1775
1177
3999
2282
4015
1744
4086
4118
3752
2290
3095
3286
3135
3122
4283
2356
1618
1845
2471
1971
1821
2105
2834
2051
4153
4126
1984
1507
2326
3927
2901
3410
709
1295
2395
2807
4163
2044
4176
1694
3197
107
2592
1625
1765
3492
381
3173
2160
3645
1473
2299
87
232
3756
2234
2443
364
2196
3700
4577
3761
4068
660
4006
4094
3639
2990
3539
2899
4484
1937
576
4430
1186
1091
935
790
1760
1015
4076
3071
857
4248
1604
549
1307
3251
296
4040
3476
2825
2233
4432
4372
4031
2628
1232
1888
4459
3059
1162
2988
1286
3828
3966
1241
1396
1469
360
2601
4132
3610
8
458
499
2505
1228
2056
343
4438
3413
999
1499
3035
698
3750
2259
867
4519
188
340
1466
2364
4399
3646
3450
2800
1911
1392
475
757
390
2777
2373
1885
1331
3299
2449
436
1566
3728
4257
3488
826
4320
221
2357
2903
961
1699
2410
2643
3567
892
1850
4253
4576
600
976
1658
2867
1169
560
3845
3825
2638
251
176
1644
2996
708
314
3664
747
1993
1389
2123
344
3769
1511
3098
179
4540
3043
3289
180
211
41
3505
4356
3092
2783
1067
1615
3077
1757
876
2642
3225
2049
3521
1165
277
1098
1827
100
4403
3184
1704
1324
4631
1714
3134
1070
157
434
3798
4626
4255
2048
3989
3018
932
3460
2760
1013
4293
3046
4199
3621
3874
2678
2239
3396
1484
73
2498
4138
1481
4065
4604
4538
1374
4625
527
2909
2640
2165
449
4123
3405
1144
1715
2850
4026
2459
1980
3261
16
4224
13
1666
1355
2007
4181
3226
2759
435
113
114
2757
3979
3420
1754
986
4633
985
1556
3466
2272
3257
1856
3483
3498
2325
4528
4560
3558
1380
2139
1621
3144
662
1832
3525
851
3772
4393
1168
276
3716
2338
3112
372
1982
3178
1608
1612
2819
601
515
1381
457
852
3065
2827
3198
688
306
3608
145
4012
1347
4172
3320
3145
825
1417
1120
3334
3538
881
3155
1536
661
2864
2135
2011
3834
3555
3556
2126
3130
2519
2131
2270
4598
206
4168
3562
23
3788
1119
2614
388
2490
3877
1573
3553
4373
2353
2575
1074
2219
2482
3799
29
4090
1157
3128
4266
503
4279
3386
3518
4276
361
4208
887
1394
2361
3177
4367
56
4362
1039
1955
1062
441
1966
4371
1900
834
1132
2776
1569
21
3506
3437
3935
2280
2615
4152
4211
1504
2086
2964
1889
2441
2970
2480
1886
621
4517
3086
4055
3994
3524
4479
3533
1784
2676
2434
2694
1872
587
2028
2386
992
2487
949
610
378
1643
4629
4501
151
4609
1136
3469
3784
2091
4288
1819
3890
4
3704
2296
2019
1147
3199
2514
900
3820
2031
2722
3479
4589
2914
2246
230
3631
1001
732
143
4548
4342
2050
4354
7
1486
1365
1553
407
1598
4506
1541
257
3503
1596
4306
4508
3009
1561
1546
2934
691
2804
4512
823
3684
493
2634
2756
4595
202
928
3626
3443
2381
3572
4443
4639
4328
2256
1287
4578
2689
412
4499
2706
3778
4046
3969
416
4662
148
1843
774
2671
3602
526
3856
535
3582
3598
110
1617
2873
891
4600
3181
1516
3824
1349
548
618
288
864
3933
3108
2652
2734
152
1986
631
990
2851
2232
2462
2731
2293
4383
2546
3501
2976
2641
3391
1916
2761
121
72
2612
4476
2677
3072
2814
1125
2108
2503
2419
2465
1786
1414
617
1721
19
2533
2309
2060
2388
2815
4370
2940
2893
4264
4294
1942
307
2218
389
1429
2857
4064
298
1156
2968
4555
3129
194
2763
4495
1965
1609
1877
1970
1701
501
98
4079
2024
3695
1011
952
2171
500
4575
703
27
2447
753
1574
3166
118
274
1768
911
810
3496
1880
1071
2215
1085
1928
2866
682
679
1548
40
687
4017
4464
4339
1988
247
1801
3970
48
3722
1017
241
4329
290
4188
2965
2286
2216
4160
2845
1798
669
3487
4653
2428
1255
3787
4491
3810
228
165
3080
2273
1375
1316
1674
2142
3606
1072
649
4269
3818
3114
144
2238
2646
4391
639
4302
1191
3023
1298
728
4505
1361
1703
4481
3101
594
3686
4628
2363
218
2844
796
3042
3729
358
3636
1152
4361
1470
1669
2209
2466
1174
2665
4194
2835
2826
52
255
2121
348
444
2737
3288
39
553
3005
894
3641
4018
2267
2321
2924
3561
4622
1257
1524
2347
3514
1791
4467
3277
3470
2455
1813
3956
3436
67
3461
977
1682
4221
507
4305
1094
2809
2331
3565
784
1802
3272
1571
65
4146
2528
4121
367
579
3421
3380
2803
3249
3372
4258
2847
3132
2418
1494
1572
45
432
3074
2082
1134
42
3745
443
668
1206
537
3747
3578
396
1283
2168
3777
680
3795
653
1575
3383
4378
3045
2437
3313
4608
3224
1909
297
1151
2389
2224
1399
207
686
1518
2073
12
1325
4485
223
336
1975
1403
1707
1293
1535
582
4661
1366
28
4103
3938
3705
480
534
3358
4011
3980
193
1184
3200
1562
1441
1702
1859
3053
2795
4162
4016
1811
1378
2654
1089
1213
108
3942
559
4453
4230
1708
2189
4217
208
3914
2038
4130
2549
124
4615
96
2832
865
173
4225
2025
837
201
2358
2995
772
4085
104
938
570
4202
14
35
4486
1317
3753
2942
1537
4559
843
3159
387
3667
1223
4025
940
1722
4630
2821
61
3867
4489
1816
2103
395
3070
345
321
3432
2708
2762
2861
405
2225
3
4008
2473
4379
4292
229
4434
3742
423
3988
1332
4654
2526
333
740
4137
554
2445
3510
1285
2672
1252
1376
465
4206
2281
1958
1474
398
749
1677
3644
931
1435
3523
2372
2789
4280
1936
3239
2853
1697
521
1597
1183
544
866
116
4268
4091
3176
4382
2568
3027
1030
1026
3287
1371
4433
4326
870
4002
3400
2285
2949
2034
2252
2231
1106
3170
1434
2342
234
2297
4036
2186
4425
1087
4400
2848
3589
2245
1099
2106
1105
1998
112
1176
1310
85
2083
2118
3291
2674
2475
647
2119
2197
1471
875
3500
2327
3908
1882
2583
2582
3379
2452
4043
1710
3651
2617
3283
4515
3285
249
3303
3446
2648
3613
2700
3262
4634
3793
3030
1719
599
3642
4313
3293
1267
2161
1045
1467
1809
1493
1632
4060
1976
806
2346
2531
1790
2408
1565
137
1242
4483
2261
4259
1190
4235
1842
2598
1367
4419
2087
2710
1932
497
2027
715
2739
2206
4254
3068
3946
1700
2183
3634
3509
4077
2304
3689
755
1795
3951
1341
2303
2879
2685
3998
3829
413
3719
2481
835
2404
2655
2004
1427
95
3574
3843
3855
1203
3861
644
3078
2148
433
1723
4198
1531
1758
160
200
4271
3735
1485
3229
1480
1181
3138
1297
4450
1037
3652
525
2963
4184
3195
3832
440
4241
3586
1606
2979
2890
2931
3015
3004
2875
3656
4386
2269
3779
3389
4645
393
1268
1989
3330
4143
1335
1410
4021
2933
4610
1696
3895
2493
816
1014
4531
1055
4580
920
1547
1654
1260
1737
205
1906
1220
3760
289
4520
1107
656
4070
3126
856
3649
401
4376
291
3973
185
3907
628
394
3519
4310
1868
2633
3673
3062
455
1770
1996
1388
3712
2854
2181
4066
71
1150
1027
3502
896
3465
2833
425
756
3422
4009
30
4395
3554
2569
3725
988
3038
1194
4282
4200
995
1401
2046
1049
1668
1508
4317
4024
3041
531
1112
3571
1950
2340
282
187
237
4115
862
1407
1957
4573
1552
4482
3106
1423
3857
3896
1776
1964
556
710
2173
2632
4261
886
484
2688
2128
3528
2100
4281
1783
1655
1501
2220
1292
3323
966
2467
1496
821
295
3407
1161
3236
2137
3276
3208
1124
4323
1849
967
614
128
3535
130
3091
2618
154
1409
704
2336
3234
2898
1551
2254
2076
2723
2928
2871
936
1135
1527
2021
2570
1532
4636
1033
3232
4237
608
2489
3424
2547
68
2998
3052
0
2919
1041
2717
3713
1731
1212
1853
2571
2808
3364
3879
2697
2802
593
3307
1874
1243
3300
4658
2094
3494
3206
4355
4422
476
3911
1097
2451
4218
744
3073
411
2883
463
1140
408
4338
3484
3740
3381
2981
841
1651
1782
2576
1479
1646
1101
4562
162
3097
1262
383
3292
1370
197
2023
699
1342
4470
256
3215
3579
3658
2586
2816
3984
446
3612
730
3840
4659
2878
2584
3083
2016
3296
4124
4157
4262
2104
2190
2663
1189
3298
1464
2929
248
3031
4286
3709
1915
2794
1302
3786
3866
2132
4149
3180
557
4114
1411
159
2067
3133
2801
1711
2463
706
2070
1093
1160
1865
3841
918
3302
2110
4098
2184
1607
2758
2244
1066
3439
3806
3088
612
632
905
2155
4384
3918
2788
3860
3790
681
4513
1022
799
2355
4410
4500
4621
2150
2226
327
625
1725
3803
3388
4037
215
951
1195
567
2022
4656
1828
1676
3347
4583
2745
1490
982
3816
3889
4637
238
4427
2753
181
4133
3319
893
3739
3457
1143
3416
1969
1443
263
324
2818
1280
1468
2915
2923
1629
2470
2812
3920
4295
1926
1246
1550
470
3763
3156
10
4214
254
2992
3324
2843
670
1683
2938
1314
1498
3764
1230
3290
1385
3152
3614
2374
957
453
1858
2930
1271
720
3332
269
3013
2771
3140
2913
3007
2728
198
54
523
2607
2902
3623
3468
4059
1491
3864
4455
4080
2597
785
635
4542
4182
1545
1528
428
3912
3139
4488
4469
1377
312
1078
2055
2588
3158
3511
4511
3916
3216
4390
1319
1138
1963
1999
4014
725
622
1114
3451
2831
616
4465
569
2078
213
2613
4056
3733
3607
975
1771
930
172
1442
1475
1671
1899
318
3678
4558
954
1395
2507
3237
4311
1587
3486
385
3893
1311
1841
2504
827
3863
2916
334
69
1800
3375
650
2107
2733
1274
959
3647
1753
4385
828
1620
833
758
4246
817
4458
1057
1436
2097
1488
3408
4423
3961
1944
4289
1102
4640
1623
2062
3305
1482
1327
1670
2230
3537
1627
2712
1108
103
4429
3377
848
9
483
3936
2773
1402
1951
2719
2329
267
2785
2324
3903
1692
4117
4299
488
3190
2711
49
3058
2312
1393
3174
3162
574
674
450
270
3765
4164
1291
969
2810
4407
456
3355
26
1763
2064
3638
183
4252
913
3881
4414
1695
1641
1373
1127
2636
3150
2918
1338
615
1068
508
2180
637
798
2477
2726
2846
879
4147
2109
1461
3318
2954
3096
786
1282
4426
1681
3915
4033
3352
3075
1158
562
2059
2450
47
317
803
253
2566
3328
459
3094
4010
1567
3411
2892
3813
4322
196
3655
771
2564
3977
1570
1000
4297
2651
2008
74
3697
1187
252
4380
4095
2339
4175
2376
2344
572
1056
3702
2600
3976
4061
1126
4541
1221
1884
1343
51
3125
426
797
2152
3653
1792
1675
721
997
2729
1769
524
2002
760
2556
4099
349
659
4614
3044
1336
161
4285
898
2153
2496
3593
3891
1781
3054
2066
226
2018
184
3081
212
3955
2006
1216
3280
3924
3362
4120
2182
4041
265
552
3592
2429
2354
3164
1406
1633
2593
2509
536
3557
2201
575
1584
3950
1724
18
754
994
3822
1422
2619
1930
1500
271
1077
2117
3792
4089
1503
3331
942
2662
3409
1949
2962
4344
4363
511
126
391
960
1465
533
2743
3186
566
1679
3696
1903
1390
2003
712
2039
4000
3343
2667
2696
4058
3258
4236
3670
2193
3547
1777
4514
1258
2005
2127
1772
4638
3751
1740
1549
1750
4597
442
76
3244
3604
3619
929
2567
1985
1558
2972
3024
3940
90
3759
1913
1495
4044
1276
2
2095
346
445
2889
1372
4159
373
831
580
3859
2420
3962
60
1961
1391
355
2554
4518
431
491
3179
2392
164
2460
1901
2223
2469
3967
3932
2088
4381
46
1890
2375
3361
3063
4308
777
4348
1054
829
2143
953
1239
909
4228
3785
2920
2362
3648
1100
3844
588
1924
2695
2424
3161
2178
2941
2983
418
1400
3273
3148
1718
2302
170
1519
719
3717
4158
3685
3823
3182
1379
2746
494
3549
3508
15
3797
3963
99
4353
3520
2894
262
3196
3960
3835
2823
1852
3141
3870
4646
2587
514
1599
2458
517
3657
1006
4167
1096
2365
586
366
236
3757
958
3883
2926
4544
624
243
2551
4581
4069
805
573
880
2849
2422
3382
4591
2151
2149
2146
1960
2978
1197
3214
3682
3426
3767
2026
430
2072
845
1589
4212
204
4100
3124
1110
2806
780
519
93
141
763
125
1870
863
1312
1092
3530
1751
478
770
1921
24
3590
2908
1305
1288
2955
3430
3536
3758
2175
3901
1051
761
4437
1478
2228
1854
2341
3444
1940
1897
2608
645
3958
3349
1834
1803
245
3852
1895
3167
2585
1204
1826
3220
3020
3594
4624
3676
2944
3570
3706
4349
2675
3350
1145
4084
3227
299
1116
4001
2830
946
304
689
1927
1313
1773
2969
2692
2499
4156
734
3662
3403
133
3189
3006
4347
261
2868
1172
2744
1419
420
166
3754
1205
4457
287
4413
3807
1732
3584
1640
300
4216
4557
1614
2982
2427
1010
3643
1941
2594
4394
422
135
1202
1846
3337
1173
4334
1847
2030
2989
3972
1334
2557
81
3127
2237
2442
751
3680
3230
1727
4369
3529
356
1199
1839
2718
3157
3968
1991
5
3618
1605
320
3011
3366
33
3552
1405
3481
4005
2145
2200
2769
4442
4549
3928
3254
773
872
1363
3902
2772
1179
3975
2939
1222
3369
4652
4251
937
3517
545
3836
919
4111
4340
2539
3783
642
2525
3690
3399
2805
1328
2838
571
1382
4445
1956
3452
3812
2616
2122
3387
1709
592
2393
283
1945
1201
174
1728
819
3146
4627
2767
563
4144
2977
4003
4270
1433
36
1065
2313
2371
4498
217
3017
3773
2784
899
1019
623
2000
2869
853
2384
502
4588
3635
1459
648
1058
368
2917
149
3620
190
1967
4155
1925
3397
4057
214
1123
4534
4603
1357
2129
2707
2751
4249
657
3720
4210
2943
2032
2192
2748
1139
989
3477
4191
3944
4207
1712
3067
673
1073
3588
3851
638
2323
944
3353
4319
2664
633
3738
3025
778
3185
750
2248
2092
2596
2242
2958
3085
4389
285
4013
1952
2581
2399
3269
3348
2994
4035
2058
2276
2559
351
3021
4296
2611
702
2300
4067
973
871
4420
613
2872
3084
3930
1860
492
4570
3838
3485
3060
636
3597
4298
2081
546
1113
4377
4392
350
1529
471
2274
3427
1192
739
363
3925
2698
1808
3868
1229
2653
3147
4304
4004
1035
4195
788
1522
1444
3699
1517
3282
3707
1867
1840
3693
3057
4553
794
933
2736
2253
4232
3404
577
1992
4525
2947
764
3781
2409
4108
3782
4468
3428
2563
2842
3507
2426
1962
3771
4189
1164
1896
3418
3453
1128
1749
2520
1012
339
1211
1805
1908
2425
1837
209
3675
3338
3650
1762
1272
2037
4190
1526
4110
2436
2536
3243
3478
1505
3627
486
3991
3463
1513
323
244
4605
2935
808
1038
2319
86
3775
2398
424
2512
2099
4478
292
2595
2138
979
4527
2385
2669
3171
3265
2263
4234
1736
3474
3193
3316
3049
4351
3898
4402
2277
3423
3209
337
2478
2310
3050
3545
2937
1766
1146
134
357
4585
4601
3692
1053
4053
655
2247
2257
3172
1690
1263
1907
3595
1237
4660
4142
1368
2530
2577
2387
2412
3591
3952
158
939
4343
2255
604
4333
2484
2522
4456
1543
849
980
3207
716
325
2483
3599
11
1080
3235
787
4324
2439
1425
692
4546
1815
801
4193
2550
2345
1862
3274
3674
2605
1866
3344
168
1946
452
927
1438
690
122
1064
2621
2824
3659
3271
2637
2495
1404
1284
3892
1472
4368
3066
1873
239
2625
813
240
1227
2948
804
115
132
2433
341
1746
897
2911
1649
4360
869
3079
1613
2961
4417
1756
3029
2485
2061
1977
2741
3425
3115
266
4618
2474
3724
1520
1755
3609
4029
551
2957
1947
4135
2521
3456
3032
558
284
4032
3985
908
667
3894
4398
1920
4045
2606
924
658
1387
1968
2174
836
4397
1948
2508
3010
2885
1131
3683
3248
3671
2538
101
2279
694
4030
3340
4179
2946
3028
2959
250
2644
1838
2661
3359
3532
2120
1979
2702
2572
2997
4440
4409
2682
3047
2401
3401
2545
2500
2440
781
2468
4052
242
1320
1034
1905
4284
3429
513
2258
3624
3242
2430
1933
1449
2529
878
3119
1167
701
1031
1207
1040
792
2775
2278
489
1876
400
2953
1346
4516
1383
1638
3622
3632
2670
2764
1348
3311
2370
1044
1309
596
1789
4088
1601
915
2307
1812
1259
1318
2658
1688
3837
1340
3019
964
310
1861
1386
3056
4644
1083
1428
2683
4401
4571
167
3929
1445
1420
2506
3412
965
2202
1043
1855
2492
3871
4107
3876
1149
3475
2194
4139
3640
4141
4106
258
3637
4593
2380
1248
665
1323
2537
1650
987
3884
1619
3885
4396
1830
1923
1630
3850
216
738
4307
3472
147
2167
4341
1218
4607
2314
1159
1689
2438
595
2236
186
4154
2622
3875
1086
3103
1166
1322
3365
3982
4027
4535
2681
2306
2240
4590
4463
2993
2524
2369
2298
3497
2793
3210
641
3462
4300
4073
2163
3865
998
603
1918
2738
2169
2709
3309
142
4451
2260
2876
3992
3205
2217
3830
974
1544
1492
1020
153
1914
308
1253
2204
2191
175
4657
4452
1892
305
1358
353
3212
4623
2382
3628
675
1943
1115
1196
782
2542
3336
1636
2630
4186
3002
2491
3997
1954
286
1023
3322
2985
1446
984
2668
2316
4203
3471
963
4219
585
640
2090
222
2727
3842
3246
4136
2134
2411
496
462
3957
231
1326
4335
155
302
839
3402
3817
2687
3600
2774
199
1290
3780
1208
1774
3201
4594
4078
3804
1686
506
4336
3741
4034
3548
722
4119
3615
2041
2649
309
1978
3093
4145
1602
4023
2950
1879
3941
464
3435
2991
4504
3107
1735
1231
82
4112
477
119
2116
1133
2328
3826
3566
3099
1878
4366
2405
3569
630
2724
1278
3748
352
568
2014
4606
626
4493
2770
397
1919
260
4161
4047
3827
1359
2289
3363
2910
3110
2112
4358
1437
925
1706
3356
4447
1910
2544
2527
543
3575
1578
4229
2553
4171
3585
1661
2811
2599
2752
902
1103
1560
2863
3016
1787
2797
1645
4314
2102
663
1592
1337
4494
1175
2213
4550
2413
1934
3934
2096
3603
539
4087
4387
3587
4490
1171
643
4536
2035
2984
3222
3672
743
2043
1215
2510
3661
2042
3669
92
2179
2860
664
2855
4643
2367
1270
4357
1180
3104
4424
1289
3617
2053
3869
485
439
3325
3559
2284
3367
415
538
59
1009
4022
140
2732
2378
2454
4474
3796
1836
2956
2320
3522
2778
3326
1796
1452
219
1036
2750
1810
707
1060
2904
1130
3376
1251
3732
2235
6
666
1028
1793
3315
3839
2716
3489
2295
1256
2747
776
1533
1418
246
1050
3583
3064
3833
1412
335
1456
1764
2906
2635
3882
4574
70
4492
1665
2952
3504
1635
4222
3540
3568
4278
2069
4337
889
2020
3001
419
3601
2781
2580
1450
338
3241
3921
591
460
814
1235
2322
3948
2406
2657
2079
921
4524
3111
88
1004
2407
1514
4007
1046
4215
2629
1823
807
4140
4415
620
2311
1995
3691
399
2141
481
800
4325
1416
3846
57
354
3513
1586
1904
3113
950
3904
3183
859
1898
3297
2765
4566
1095
4472
3295
406
2476
3118
1881
1188
3279
2111
233
945
2639
3202
2699
677
3905
2562
2796
2359
627
2472
2396
375
2971
3022
3137
2631
4185
2673
1820
885
78
906
4448
676
80
479
4050
3306
736
564
427
2840
4134
4316
590
2207
461
2266
3217
4418
2275
2080
1360
1024
972
3268
3327
607
1581
3341
409
392
1863
1743
518
4435
273
4404
1817
1603
693
1894
2548
2177
4166
3109
4187
842
3953
3100
759
3964
4613
4054
1234
2287
2164
1148
767
2332
1457
3329
1929
3188
2486
421
1673
4019
4226
912
820
2349
2517
3360
3447
192
374
1447
2136
1794